'date','prize','no1','no2','no3','no4','no5'
2016-11-16,0,5,18,28,31,38
2016-11-17,0,2,19,23,32,33
2016-11-18,0,13,17,21,28,31
2016-11-19,0,2,11,21,23,25
2016-11-20,0,2,7,23,34,37
2016-11-21,0,1,22,23,28,31
2016-11-22,0,7,13,15,20,34
2016-11-23,0,21,25,26,32,33
2016-11-24,0,3,5,20,31,33
2016-11-25,0,17,20,21,26,36
2016-11-26,0,6,9,20,27,39
2016-11-27,0,16,23,30,31,34
2016-11-28,0,4,6,28,36,39
2016-11-29,0,5,21,24,34,39
2016-11-30,0,1,3,14,25,36
2016-12-01,0,2,9,18,24,31
2016-12-02,0,8,10,15,16,37
2016-12-03,0,7,16,20,23,25
2016-12-04,0,1,3,4,11,15
2016-12-05,0,3,19,22,23,26
2016-12-06,0,7,14,29,31,32
2016-12-07,0,3,8,29,33,34
2016-12-08,0,2,13,26,28,35
2016-12-09,0,1,9,12,30,32
2016-12-10,0,3,5,13,15,19
2016-12-11,0,10,13,17,25,28
2016-12-12,0,6,12,16,29,38
2016-12-13,0,1,11,28,30,32
2016-12-14,0,2,6,9,12,31
2016-12-15,0,7,11,21,23,37
2016-12-16,0,2,5,6,19,39
2016-12-17,0,3,14,17,19,38
2016-12-18,0,11,16,18,19,23
2016-12-19,0,5,14,18,19,25
2016-12-20,0,7,9,11,31,33
2016-12-21,0,21,34,35,37,39
2016-12-22,0,3,9,24,29,34
2016-12-23,0,6,14,17,26,27
2016-12-24,0,5,16,21,31,32
2016-12-25,0,8,12,17,21,31
2016-12-26,0,2,4,6,16,19
2016-12-27,0,13,18,24,32,37
2016-12-28,0,3,7,10,15,22
2016-12-29,0,2,13,23,32,37
2016-12-30,0,12,15,17,26,29
2016-12-31,0,12,22,27,35,37
2017-01-01,0,8,27,32,35,38
2017-01-02,0,1,12,16,27,33
2017-01-03,0,5,9,12,18,27
2017-01-04,0,9,14,29,37,39
2017-01-05,0,11,13,20,27,35
2017-01-06,0,5,14,27,31,37
2017-01-07,0,2,10,25,36,39
2017-01-08,0,13,17,19,26,38
2017-01-09,0,1,9,13,18,39
2017-01-10,0,6,9,16,38,39
2017-01-11,0,11,16,17,30,38
2017-01-12,0,4,14,16,18,33
2017-01-13,0,7,13,15,19,33
2017-01-14,0,2,11,24,26,34
2017-01-15,0,17,18,24,33,35
2017-01-16,0,3,8,10,18,31
2017-01-17,0,3,11,15,21,28
2017-01-18,0,3,11,12,21,28
2017-01-19,0,13,17,22,23,26
2017-01-20,0,8,12,17,29,33
2017-01-21,0,1,24,27,30,35
2017-01-22,0,8,21,25,30,38
2017-01-23,0,15,16,22,26,39
2017-01-24,0,3,15,17,26,29
2017-01-25,0,3,6,29,32,37
2017-01-26,0,6,17,27,30,34
2017-01-27,0,2,4,11,18,31
2017-01-28,0,3,6,8,12,33
2017-01-29,0,9,14,19,21,33
2017-01-30,0,1,4,9,20,39
2017-01-31,0,14,15,31,35,39
2017-02-01,0,1,7,23,37,38
2017-02-02,0,16,17,20,21,32
2017-02-03,0,16,18,21,27,34
2017-02-04,0,2,8,21,37,38
2017-02-05,0,6,15,20,22,34
2017-02-06,0,2,3,8,26,35
2017-02-07,0,17,22,23,29,36
2017-02-08,0,1,7,11,31,37
2017-02-09,0,6,8,17,20,25
2017-02-10,0,1,2,13,28,29
2017-02-11,0,15,25,31,38,39
2017-02-12,0,1,6,14,29,34
2017-02-13,0,6,17,29,32,34
2017-02-14,0,2,3,10,22,23
2017-02-15,0,1,4,17,19,25
2017-02-16,0,8,13,15,17,27
2017-02-17,0,1,4,11,26,27
2017-02-18,0,1,3,12,17,19
2017-02-19,0,16,17,20,27,35
2017-02-20,0,10,16,18,26,33
2017-02-21,0,9,17,19,23,36
2017-02-22,0,4,10,13,29,39
2017-02-23,0,18,27,29,32,33
2017-02-24,0,5,7,22,30,33
2017-02-25,0,5,10,15,31,37
2017-02-26,0,7,11,15,18,33
2017-02-27,0,7,9,31,35,39
2017-02-28,71873,3,10,14,21,34
2017-03-01,76000,5,10,18,22,31
2017-03-02,91368,14,25,32,34,38
2017-03-03,82000,7,21,24,34,35
2017-03-04,96413,5,7,12,26,35
2017-03-05,69000,9,16,18,28,39
2017-03-06,82436,8,17,27,36,37
2017-03-07,74584,6,26,29,30,32
2017-03-08,36742,1,6,11,22,28
2017-03-09,75000,7,33,34,36,37
2017-03-10,179000,5,10,30,36,37
2017-03-11,341541,3,6,19,23,37
2017-03-12,69000,1,10,12,28,35
2017-03-13,157756,11,12,19,25,26
2017-03-14,72331,2,9,10,31,39
2017-03-15,70138,8,15,27,33,39
2017-03-16,74000,1,4,8,19,25
2017-03-17,179049,3,10,27,37,39
2017-03-18,82000,1,12,23,24,32
2017-03-19,170656,8,29,31,33,37
2017-03-20,68305,3,15,21,22,25
2017-03-21,76000,2,6,13,16,17
2017-03-22,84433,1,3,18,23,29
2017-03-23,70357,1,6,27,31,32
2017-03-24,81000,11,18,32,38,39
2017-03-25,179000,2,9,12,17,33
2017-03-26,158665,12,15,27,29,37
2017-03-27,75000,11,13,24,25,38
2017-03-28,167000,6,9,28,31,36
2017-03-29,152710,1,6,7,12,38
2017-03-30,71070,1,3,13,21,26
2017-03-31,79360,4,9,14,17,31
2017-04-01,80000,4,6,23,32,38
2017-04-02,72000,1,5,14,19,26
2017-04-03,57115,5,6,12,15,27
2017-04-04,79000,5,6,12,15,27
2017-04-05,36500,11,15,17,29,33
2017-04-06,80000,11,15,17,29,33
2017-04-07,185927,13,21,25,33,36
2017-04-08,185927,13,21,25,33,36
2017-04-09,67000,1,6,10,29,33
2017-04-10,153000,9,18,26,28,39
2017-04-11,149788,1,3,20,21,34
2017-04-12,69700,7,12,27,36,39
2017-04-13,73000,2,11,16,23,27
2017-04-14,179081,4,6,10,16,30
2017-04-15,81183,11,15,20,31,32
2017-04-16,61911,8,22,25,33,35
2017-04-17,65778,4,18,29,30,37
2017-04-18,74000,4,19,28,34,35
2017-04-19,165000,1,13,18,29,37
2017-04-20,315767,8,13,17,28,34
2017-04-21,81241,11,30,31,37,39
2017-04-22,24956,8,10,21,36,38
2017-04-23,69000,11,27,30,37,39
2017-04-24,153000,13,17,20,21,27
2017-04-25,447000,3,4,22,27,33
2017-04-26,168397,2,6,12,34,37
2017-04-27,36006,1,8,12,14,17
2017-04-28,76070,4,8,11,31,36
2017-04-29,82000,2,7,8,15,31
2017-04-30,168000,4,26,29,30,38
2017-05-01,285000,2,14,16,20,27
2017-05-02,263088,4,7,26,30,35
2017-05-03,72770,12,29,34,38,39
2017-05-04,73710,8,14,20,27,38
2017-05-05,39707,3,22,26,28,33
2017-05-06,25965,2,6,13,15,37
2017-05-07,31963,4,8,9,19,31
2017-05-08,72000,3,8,17,36,38
2017-05-09,170078,10,30,34,37,39
2017-05-10,76000,10,15,23,25,26
2017-05-11,169000,2,4,5,33,37
2017-05-12,65229,3,6,14,27,29
2017-05-13,84000,11,13,15,21,36
2017-05-14,170179,2,8,16,22,31
2017-05-15,70000,14,16,26,30,33
2017-05-16,166000,11,14,16,23,35
2017-05-17,311810,6,13,14,16,18
2017-05-18,73000,2,9,10,14,32
2017-05-19,90259,11,12,14,17,23
2017-05-20,77916,5,9,12,17,24
2017-05-21,31562,3,14,24,26,30
2017-05-22,63834,1,13,20,25,26
2017-05-23,76000,1,12,14,35,39
2017-05-24,164729,3,10,12,34,35
2017-05-25,76000,2,3,15,21,27
2017-05-26,88249,6,15,19,24,28
2017-05-27,79000,4,12,30,34,38
2017-05-28,157754,26,35,37,38,39
2017-05-29,71000,1,9,18,25,30
2017-05-30,78100,2,6,22,23,34
2017-05-31,35999,6,8,12,21,28
2017-06-01,73000,4,10,15,22,26
2017-06-02,172000,5,9,19,34,36
2017-06-03,331091,1,5,6,24,35
2017-06-04,73000,7,18,19,20,29
2017-06-05,163436,8,29,36,38,39
2017-06-06,74000,5,9,19,35,37
2017-06-07,171729,4,8,12,22,25
2017-06-08,23006,5,10,12,17,26
2017-06-09,81000,7,8,9,11,28
2017-06-10,180000,6,20,26,28,33
2017-06-11,319540,7,10,24,26,28
2017-06-12,69000,10,11,22,25,32
2017-06-13,164677,6,9,20,22,27
2017-06-14,73000,12,16,19,22,35
2017-06-15,165000,9,22,30,33,38
2017-06-16,292000,14,20,25,31,33
2017-06-17,261769,3,18,22,27,33
2017-06-18,74000,16,28,35,36,39
2017-06-19,161000,1,13,16,22,30
2017-06-20,301351,12,25,34,36,37
2017-06-21,36846,9,11,19,20,34
2017-06-22,72000,2,14,17,28,33
2017-06-23,87589,1,4,7,12,15
2017-06-24,37902,14,15,19,20,27
2017-06-25,68000,1,3,31,32,35
2017-06-26,153000,3,17,21,26,32
2017-06-27,271000,10,13,20,23,32
2017-06-28,437000,19,21,22,24,36
2017-06-29,192389,2,3,4,23,34
2017-06-30,94000,1,21,23,25,29
2017-07-01,204000,11,14,19,24,27
2017-07-02,378806,2,23,24,34,36
2017-07-03,39635,2,8,11,26,28
2017-07-04,36744,3,5,13,14,25
2017-07-05,35013,2,11,13,23,37
2017-07-06,75000,10,11,12,18,38
2017-07-07,184512,4,11,13,29,33
2017-07-08,80000,5,13,17,18,35
2017-07-09,167000,4,15,17,19,25
2017-07-10,154418,17,19,24,29,38
2017-07-11,77000,13,24,29,31,38
2017-07-12,177166,2,10,15,16,22
2017-07-13,75000,1,4,7,8,27
2017-07-14,91951,10,12,24,28,33
2017-07-15,80000,5,22,28,29,39
2017-07-16,168522,4,5,6,22,30
2017-07-17,74000,11,16,17,30,37
2017-07-18,170000,4,16,17,18,19
2017-07-19,309999,10,11,15,18,37
2017-07-20,77000,3,4,6,23,24
2017-07-21,178000,10,15,16,19,30
2017-07-22,308000,8,20,26,28,30
2017-07-23,530664,10,12,23,33,39
2017-07-24,79000,8,21,22,30,39
2017-07-25,172000,1,3,11,16,33
2017-07-26,311122,12,14,20,24,31
2017-07-27,75000,5,17,26,33,34
2017-07-28,182596,4,12,24,34,37
2017-07-29,84000,14,17,23,25,34
2017-07-30,86550,18,23,27,35,36
2017-07-31,72000,2,5,28,29,37
2017-08-01,166000,17,18,25,28,30
2017-08-02,288000,13,15,17,25,37
2017-08-03,255617,4,5,6,10,36
2017-08-04,87000,3,24,29,31,37
2017-08-05,191000,6,19,33,34,37
2017-08-06,171201,7,10,19,21,34
2017-08-07,75105,10,13,15,17,23
2017-08-08,75000,13,16,26,29,37
2017-08-09,172000,9,16,21,34,35
2017-08-10,301000,4,5,14,23,32
2017-08-11,546986,3,15,28,30,32
2017-08-12,89000,1,4,6,18,34
2017-08-13,182496,23,27,28,32,37
2017-08-14,69000,2,12,16,17,34
2017-08-15,164000,4,5,14,24,33
2017-08-16,303040,5,6,10,35,36
2017-08-17,70221,3,5,17,35,37
2017-08-18,40336,8,11,13,22,33
2017-08-19,82000,1,23,25,38,39
2017-08-20,172194,3,12,14,16,33
2017-08-21,69963,6,18,23,29,36
2017-08-22,76000,4,10,11,23,38
2017-08-23,170000,2,15,20,24,37
2017-08-24,162723,6,16,19,23,27
2017-08-25,87000,2,15,21,23,36
2017-08-26,191000,1,6,33,34,37
2017-08-27,335667,6,9,29,32,35
2017-08-28,73829,8,10,20,21,26
2017-08-29,77000,1,5,12,13,19
2017-08-30,173000,5,16,33,35,37
2017-08-31,80767,3,6,14,16,17
2017-09-01,83838,1,2,10,20,27
2017-09-02,82511,1,10,16,17,28
2017-09-03,66535,5,18,24,30,32
2017-09-04,67047,4,7,24,38,39
2017-09-05,74000,4,12,15,16,26
2017-09-06,169655,2,12,31,35,38
2017-09-07,74962,5,7,18,20,27
2017-09-08,83000,5,25,29,37,39
2017-09-09,186220,9,13,16,25,30
2017-09-10,71000,6,19,20,27,38
2017-09-11,162059,2,4,10,16,29
2017-09-12,74258,2,4,20,28,30
2017-09-13,73000,9,12,21,23,37
2017-09-14,0,4,9,12,15,21
2017-09-15,83000,5,19,22,24,31
2017-09-16,185000,24,25,26,30,39
2017-09-17,300000,3,17,19,20,34
2017-09-18,73000,6,7,26,29,37
2017-09-19,168000,6,9,14,32,37
2017-09-20,286000,1,10,15,21,36
2017-09-21,453000,5,10,14,16,17
2017-09-22,88000,1,18,27,29,37
2017-09-23,79000,20,24,29,34,37
2017-09-24,66000,13,16,21,24,35
2017-09-25,149000,8,25,27,29,35
2017-09-26,268000,2,13,19,24,38
2017-09-27,435000,5,16,17,27,37
2017-09-28,79000,8,23,34,35,36
2017-09-29,179000,4,10,18,28,39
2017-09-30,79000,1,5,15,30,38
2017-10-01,154000,1,5,15,30,38
2017-10-02,154000,4,8,26,28,36
2017-10-03,274000,9,14,20,21,32
2017-10-04,75000,4,5,16,23,27
2017-10-05,74000,1,8,16,20,31
2017-10-06,172000,9,13,14,21,25
2017-10-07,80000,1,21,26,32,34
2017-10-08,164000,2,3,13,16,23
2017-10-09,275000,7,12,19,28,35
2017-10-10,78000,9,16,17,20,30
2017-10-11,170000,11,16,19,24,31
2017-10-12,291000,1,6,13,17,31
2017-10-13,82000,10,29,34,35,38
2017-10-14,183000,4,5,12,15,28
2017-10-15,67000,5,7,14,16,29
2017-10-16,71000,23,25,27,34,37
2017-10-17,164000,5,6,12,34,36
2017-10-18,284000,1,12,20,25,34
2017-10-19,454000,2,3,8,28,38
2017-10-20,83000,4,13,22,28,39
2017-10-21,181000,6,11,15,31,35
2017-10-22,468000,6,11,15,31,35
2017-10-23,468000,1,11,15,19,21
2017-10-24,84000,4,26,28,35,37
2017-10-25,178000,9,13,15,37,38
2017-10-26,178000,7,11,12,26,28
2017-10-27,0,1,2,15,36,37
2017-10-28,0,2,19,22,30,38
2017-10-29,0,1,2,21,25,32
2017-10-30,73000,3,10,11,12,17
2017-10-31,74000,4,9,34,37,38
2017-11-01,167000,3,5,15,18,32
2017-11-02,76000,3,9,19,27,33
2017-11-03,80000,15,25,30,32,35
2017-11-04,183000,3,11,13,21,31
2017-11-05,73000,1,3,11,22,37
2017-11-06,160000,10,15,29,38,39
2017-11-07,76000,7,15,22,30,39
2017-11-08,171000,1,18,26,27,32
2017-11-09,74000,15,22,26,30,38
2017-11-10,175000,13,16,26,33,36
2017-11-11,83000,9,17,20,27,33
2017-11-12,167000,1,11,16,17,36
2017-11-13,72000,15,30,34,37,39
2017-11-14,166000,2,9,20,26,37
2017-11-15,282000,13,21,32,35,36
2017-11-16,75000,3,13,19,34,37
2017-11-17,171000,1,5,28,35,38
2017-11-18,299000,14,17,20,32,39
2017-11-19,70000,3,6,15,19,31
2017-11-20,155000,1,2,24,29,35
2017-11-21,274000,4,5,21,22,36
2017-11-22,75000,5,10,14,23,38
2017-11-23,74000,20,21,23,25,31
2017-11-24,80000,9,15,22,28,36
2017-11-25,80000,5,22,25,36,38
2017-11-26,160000,11,14,17,30,39
2017-11-27,73000,11,16,21,28,34
2017-11-28,166000,5,6,8,30,31
2017-11-29,75000,2,11,16,35,37
2017-11-30,165000,1,9,10,19,30
2017-12-01,81000,1,4,9,25,27
2017-12-02,82000,1,7,8,13,24
2017-12-03,166000,4,10,25,31,38
2017-12-04,69000,4,23,28,31,38
2017-12-05,75000,3,11,16,22,34
2017-12-06,166000,6,7,11,12,15
2017-12-07,288000,3,11,19,24,35
2017-12-08,86000,12,29,33,35,39
2017-12-09,82000,6,11,19,36,37
2017-12-10,69000,12,16,18,22,34
2017-12-11,71000,19,21,30,31,32
2017-12-12,165000,6,9,14,27,29
2017-12-13,281000,6,9,13,24,38
2017-12-14,447000,11,12,16,18,20
2017-12-15,90000,1,18,20,24,26
2017-12-16,79000,1,6,23,26,28
2017-12-17,160000,5,8,17,21,29
2017-12-18,72000,3,4,6,26,29
2017-12-19,166000,13,17,23,26,33
2017-12-20,285000,4,7,12,34,36
2017-12-21,452000,8,20,22,23,34
2017-12-22,88000,5,16,33,34,38
2017-12-23,188000,5,11,23,30,31
2017-12-24,67000,3,5,16,33,39
2017-12-25,161000,3,29,36,37,38
2017-12-26,76000,2,4,24,27,30
2017-12-27,74000,4,10,12,13,15
2017-12-28,75000,4,14,18,21,30
2017-12-29,83000,5,8,21,27,34
2017-12-30,186000,3,21,24,36,37
2017-12-31,303000,1,16,27,28,31
2018-01-01,74000,7,8,23,28,30
2018-01-02,163000,7,9,11,12,39
2018-01-03,287000,5,12,15,29,37
2018-01-04,76000,8,15,22,26,29
2018-01-05,178000,11,14,22,29,36
2018-01-06,80000,6,18,27,31,38
2018-01-07,68000,6,8,12,20,26
2018-01-08,154000,1,9,17,22,30
2018-01-09,268000,13,18,23,35,36
2018-01-10,74000,1,5,22,32,37
2018-01-11,166000,6,13,18,24,26
2018-01-12,295000,5,12,22,29,39
2018-01-13,84000,1,4,12,30,31
2018-01-14,66000,13,23,25,31,37
2018-01-15,153000,14,18,19,33,37
2018-01-16,77000,9,21,22,27,39
2018-01-17,74000,2,5,32,33,39
2018-01-18,75000,3,9,11,36,37
2018-01-19,83000,6,7,15,16,19
2018-01-20,80000,6,10,18,23,24
2018-01-21,66000,1,5,6,30,32
2018-01-22,151000,2,10,15,22,37
2018-01-23,79000,2,5,7,21,26
2018-01-24,173000,8,17,20,21,39
2018-01-25,295000,10,19,21,32,36
2018-01-26,80000,1,5,14,32,35
2018-01-27,179000,6,11,18,35,36
2018-01-28,67000,12,16,20,25,37
2018-01-29,71000,8,12,23,24,30
2018-01-30,164000,4,11,15,19,27
2018-01-31,78000,13,21,26,37,39
2018-02-01,171000,23,25,26,34,35
2018-02-02,82000,1,5,7,14,28
2018-02-03,186000,2,8,11,16,21
2018-02-04,68000,1,10,11,16,38
2018-02-05,71000,13,25,29,31,37
2018-02-06,167000,2,5,6,23,26
2018-02-07,76000,1,15,16,29,36
2018-02-08,170000,5,18,35,37,38
2018-02-09,300000,9,10,11,34,39
2018-02-10,80000,9,11,12,24,35
2018-02-11,70000,3,10,23,24,34
2018-02-12,159000,1,5,7,20,25
2018-02-13,279000,23,26,29,30,38
2018-02-14,73000,2,8,18,21,27
2018-02-15,169000,7,11,20,32,36
2018-02-16,80000,18,30,31,32,38
2018-02-17,184000,19,21,26,28,39
2018-02-18,68000,3,7,17,21,35
2018-02-19,155000,1,2,21,22,25
2018-02-20,77000,25,28,33,34,36
2018-02-21,169000,7,19,27,31,36
2018-02-22,75000,1,16,20,23,27
2018-02-23,81000,8,14,24,28,33
2018-02-24,182000,15,16,21,24,36
2018-02-25,298000,2,6,11,14,15
2018-02-26,76000,17,24,31,34,39
2018-02-27,75000,8,17,27,29,32
2018-02-28,168000,1,12,13,35,39
2018-03-01,292000,4,12,13,15,36
2018-03-02,475000,6,16,22,31,36
2018-03-03,81000,4,9,27,29,37
2018-03-04,170000,11,15,20,26,31
2018-03-05,291000,6,8,11,30,37
2018-03-06,465000,9,22,23,26,31
2018-03-07,80000,4,15,21,22,31
2018-03-08,74000,5,18,23,31,35
2018-03-09,178000,6,12,17,34,36
2018-03-10,311000,2,10,13,24,27
2018-03-11,67000,11,18,22,29,34
2018-03-12,69000,5,9,12,22,25
2018-03-13,164000,7,11,12,27,39
2018-03-14,75000,6,16,27,30,31
2018-03-15,73000,17,21,28,30,33
2018-03-16,173000,10,14,22,27,30
2018-03-17,80000,2,18,26,33,38
2018-03-18,166000,1,14,18,24,27
2018-03-19,72000,5,11,16,23,32
2018-03-20,77000,6,10,14,28,29
2018-03-21,170000,6,14,17,19,26
2018-03-22,290000,9,13,23,27,29
2018-03-23,82000,15,25,29,31,36
2018-03-24,82000,15,19,28,31,35
2018-03-25,66000,8,10,19,29,33
2018-03-26,69000,3,7,8,14,19
2018-03-27,75000,1,3,9,14,30
2018-03-28,169000,3,4,22,23,24
2018-03-29,74000,1,28,30,34,35
2018-03-30,82000,4,18,19,21,31
2018-03-31,81000,2,5,8,10,26
2018-04-01,168000,10,12,15,25,30
2018-04-02,69000,5,7,14,29,34
2018-04-03,164000,1,9,14,28,32
2018-04-04,77000,1,8,12,28,35
2018-04-05,74000,11,19,22,23,39
2018-04-06,80000,3,19,27,28,32
2018-04-07,80000,6,7,14,19,37
2018-04-08,168000,11,20,21,22,25
2018-04-09,287000,4,5,11,14,34
2018-04-10,76000,6,9,28,30,34
2018-04-11,172000,3,13,18,29,36
2018-04-12,72000,3,17,21,26,27
2018-04-13,176000,6,12,18,27,29
2018-04-14,81000,1,2,6,10,15
2018-04-15,67000,1,17,18,32,33
2018-04-16,70000,10,12,16,17,24
2018-04-17,76000,7,10,13,20,21
2018-04-18,73000,2,7,17,19,36
2018-04-19,75000,11,13,22,27,39
2018-04-20,175000,8,11,14,17,35
2018-04-21,81000,3,26,28,30,31
2018-04-22,67000,2,7,10,36,39
2018-04-23,70000,8,14,19,31,39
2018-04-24,74000,6,16,22,26,27
2018-04-25,166000,9,11,14,23,35
2018-04-26,288000,5,18,23,32,35
2018-04-27,86000,3,15,23,30,35
2018-04-28,185000,20,28,33,35,36
2018-04-29,66000,5,9,13,16,37
2018-04-30,71000,4,11,18,25,28
2018-05-01,76000,6,8,13,17,25
2018-05-02,74000,18,26,30,34,35
2018-05-03,169000,8,16,25,28,30
2018-05-04,83000,5,7,26,29,30
2018-05-05,79000,3,25,26,33,35
2018-05-06,163000,7,20,23,35,39
2018-05-07,277000,2,23,31,32,34
2018-05-08,451000,4,14,17,19,25
2018-05-09,83000,18,27,30,32,39
2018-05-10,180000,18,21,23,25,34
2018-05-11,80000,14,15,31,33,38
2018-05-12,82000,14,17,19,34,37
2018-05-13,168000,6,7,13,29,37
2018-05-14,71000,5,6,11,13,39
2018-05-15,78000,9,11,17,21,27
2018-05-16,73000,2,12,16,18,30
2018-05-17,167000,4,7,14,30,38
2018-05-18,167000,22,30,33,36,37
2018-05-19,183000,8,18,23,24,27
2018-05-20,297000,7,12,21,22,29
2018-05-21,70000,1,10,32,34,36
2018-05-22,75000,3,15,20,27,31
2018-05-23,167000,10,15,31,33,35
2018-05-24,291000,12,23,24,28,37
2018-05-25,83000,3,8,11,14,28
2018-05-26,80000,1,9,10,23,28
2018-05-27,164000,24,28,37,38,39
2018-05-28,71000,13,20,23,33,37
2018-05-29,74000,3,8,12,16,24
2018-05-30,73000,8,22,24,26,29
2018-05-31,72000,5,10,22,31,32
2018-06-01,82000,20,26,28,32,36
2018-06-02,183000,25,32,36,37,38
2018-06-03,70000,9,13,26,31,34
2018-06-04,159000,3,7,8,31,33
2018-06-05,281000,2,10,11,32,33
2018-06-06,79000,9,16,26,29,39
2018-06-07,73000,4,6,10,15,29
2018-06-08,83000,15,27,36,38,39
2018-06-09,182000,4,6,15,21,23
2018-06-10,71000,1,17,24,26,38
2018-06-11,70000,6,22,33,38,39
2018-06-12,162000,18,27,28,30,39
2018-06-13,75000,1,9,12,21,36
2018-06-14,74000,9,10,13,16,24
2018-06-15,170000,3,14,16,17,24
2018-06-16,295000,4,7,32,34,39
2018-06-17,71000,2,14,22,28,29
2018-06-18,71000,6,17,24,34,39
2018-06-19,76000,11,16,17,19,23
2018-06-20,169000,4,5,22,23,39
2018-06-21,76000,4,5,9,10,28
2018-06-22,173000,4,18,30,32,36
2018-06-23,298000,2,5,16,32,39
2018-06-24,69000,4,7,9,14,23
2018-06-25,70000,6,10,12,15,35
2018-06-26,74000,5,13,27,28,32
2018-06-27,162000,2,9,10,12,18
2018-06-28,76000,13,16,20,33,37
2018-06-29,172000,3,8,14,21,36
2018-06-30,298000,7,11,27,28,36
2018-07-01,66000,5,6,34,35,37
2018-07-02,149000,1,14,32,35,39
2018-07-03,268000,11,12,25,27,36
2018-07-04,78000,3,6,11,32,37
2018-07-05,170000,5,8,10,29,39
2018-07-06,80000,6,11,14,26,36
2018-07-07,177000,3,9,24,27,35
2018-07-08,67000,6,10,15,17,25
2018-07-09,72000,1,4,6,19,34
2018-07-10,74000,11,15,16,18,24
2018-07-11,162000,1,7,27,32,37
2018-07-12,280000,1,11,22,26,37
2018-07-13,83000,2,7,14,31,35
2018-07-14,80000,8,12,22,31,34
2018-07-15,161000,12,15,24,37,39
2018-07-16,69000,2,13,19,33,35
2018-07-17,159000,13,16,20,33,39
2018-07-18,278000,10,16,23,24,29
2018-07-19,448000,10,18,22,25,28
2018-07-20,86000,8,11,26,29,32
2018-07-21,80000,6,10,20,30,38
2018-07-22,69000,1,6,9,27,28
2018-07-23,72000,2,5,13,26,33
2018-07-24,74000,22,23,25,33,37
2018-07-25,167000,11,19,24,33,38
2018-07-26,167000,8,10,20,29,39
2018-07-27,82000,13,18,23,27,38
2018-07-28,176000,4,13,15,21,35
2018-07-29,283000,12,19,21,30,36
2018-07-30,72000,15,19,30,32,37
2018-07-31,163000,3,8,10,11,25
2018-08-01,77000,2,10,15,31,35
2018-08-02,74000,6,10,15,21,35
2018-08-03,171000,15,20,24,25,28
2018-08-04,79000,5,22,28,32,34
2018-08-05,162000,6,14,15,24,37
2018-08-06,69000,11,29,32,38,39
2018-08-07,77000,8,18,19,26,39
2018-08-08,166000,3,6,8,30,38
2018-08-09,72000,5,27,36,38,39
2018-08-10,169000,1,13,21,31,33
2018-08-11,80000,3,5,20,21,35
2018-08-12,67000,1,8,11,21,22
2018-08-13,70000,4,5,8,31,39
2018-08-14,162000,7,10,11,30,33
2018-08-15,77000,4,5,14,18,26
2018-08-16,170000,1,5,6,27,37
2018-08-17,296000,1,8,9,14,32
2018-08-18,84000,4,11,20,32,34
2018-08-19,66000,7,13,18,27,30
2018-08-20,71000,9,25,26,33,38
2018-08-21,162000,16,22,23,26,31
2018-08-22,73000,3,11,12,20,23
2018-08-23,72000,2,10,21,32,39
2018-08-24,81000,5,22,31,36,39
2018-08-25,79000,10,12,23,32,34
2018-08-26,158000,9,10,13,16,34
2018-08-27,73000,7,25,31,36,38
2018-08-28,164000,4,6,7,30,31
2018-08-29,278000,2,5,10,21,39
2018-08-30,72000,9,16,22,29,36
2018-08-31,82000,2,3,5,26,37
2018-09-01,184000,9,10,18,29,36
2018-09-02,68000,11,13,22,38,39
2018-09-03,155000,10,15,20,25,39
2018-09-04,76000,2,5,12,23,24
2018-09-05,167000,1,7,20,34,39
2018-09-06,76000,2,11,12,32,35
2018-09-07,171000,4,6,26,33,34
2018-09-08,294000,10,21,27,33,35
2018-09-09,459000,5,9,14,20,38
2018-09-10,70000,3,7,22,28,29
2018-09-11,163000,9,14,30,31,37
2018-09-12,283000,15,28,31,34,38
2018-09-13,450000,7,10,14,25,28
2018-09-14,86000,5,10,16,23,36
2018-09-15,185000,1,7,9,21,24
2018-09-16,71000,2,11,13,17,27
2018-09-17,156000,2,5,6,9,32
2018-09-18,275000,9,20,22,29,35
2018-09-19,75000,5,10,17,24,39
2018-09-20,73000,7,8,28,35,39
2018-09-21,170000,4,19,25,35,39
2018-09-22,294000,8,9,16,25,27
2018-09-23,67000,7,14,22,27,29
2018-09-24,72000,1,4,5,18,22
2018-09-25,74000,7,13,19,21,24
2018-09-26,163000,5,7,19,30,31
2018-09-27,75000,2,5,9,11,14
2018-09-28,171000,2,11,24,30,38
2018-09-29,297000,1,7,11,15,18
2018-09-30,74000,3,4,6,13,29
2018-10-01,159000,3,6,28,30,32
2018-10-02,282000,1,2,4,36,39
2018-10-03,75000,5,8,10,25,27
2018-10-04,74000,11,18,22,28,36
2018-10-05,173000,4,10,14,22,39
2018-10-06,82000,2,13,20,22,23
2018-10-07,69000,3,22,27,28,37
2018-10-08,69000,5,24,25,29,38
2018-10-09,160000,3,16,18,24,30
2018-10-10,276000,14,20,28,34,39
2018-10-11,442000,7,8,17,28,34
2018-10-12,84000,1,5,6,30,36
2018-10-13,187000,9,11,19,22,33
2018-10-14,67000,9,11,15,16,38
2018-10-15,70000,1,6,17,34,36
2018-10-16,162000,1,4,13,24,36
2018-10-17,290000,2,10,21,22,29
2018-10-18,75000,4,7,11,20,38
2018-10-19,83000,5,7,25,28,36
2018-10-20,80000,2,5,12,18,26
2018-10-21,165000,4,8,10,19,23
2018-10-22,277000,3,20,25,31,37
2018-10-23,80000,1,11,13,17,19
2018-10-24,76000,17,23,25,30,35
2018-10-25,168000,3,17,20,23,39
2018-10-26,81000,9,10,11,18,37
2018-10-27,80000,6,23,30,31,39
2018-10-28,66000,2,4,7,17,28
2018-10-29,73000,2,12,18,21,31
2018-10-30,166000,5,16,17,21,26
2018-10-31,75000,1,18,20,33,39
2018-11-01,74000,2,8,15,35,38
2018-11-02,175000,1,2,17,23,34
2018-11-03,80000,8,23,26,31,33
2018-11-04,69000,1,14,28,29,36
2018-11-05,156000,1,2,8,16,29
2018-11-06,75000,4,5,21,37,38
2018-11-07,168000,6,10,11,21,34
2018-11-08,75000,5,15,27,30,39
2018-11-09,176000,9,29,30,33,38
2018-11-10,300000,18,23,30,34,36
2018-11-11,469000,1,4,14,25,27
2018-11-12,72000,1,6,8,25,35
2018-11-13,164000,10,13,17,22,38
2018-11-14,75000,15,17,21,25,29
2018-11-15,72000,2,5,15,19,26
2018-11-16,170000,7,13,15,24,29
2018-11-17,79000,4,7,8,31,39
2018-11-18,69000,1,4,6,14,22
2018-11-19,70000,6,15,16,24,38
2018-11-20,163000,7,9,12,25,38
2018-11-21,74000,3,5,21,26,31
2018-11-22,73000,9,16,27,34,38
2018-11-23,82000,7,11,13,20,22
2018-11-24,80000,3,10,15,17,35
2018-11-25,162000,6,15,16,22,39
2018-11-26,274000,18,19,22,25,27
2018-11-27,76000,5,13,28,31,37
2018-11-28,76000,10,21,29,31,37
2018-11-29,166000,10,13,22,30,31
2018-11-30,284000,6,13,21,23,26
2018-12-01,80000,1,4,19,21,32
2018-12-02,162000,23,29,31,38,39
2018-12-03,70000,2,16,24,27,38
2018-12-04,162000,4,5,9,29,34
2018-12-05,280000,18,20,25,36,37
2018-12-06,75000,1,2,11,36,38
2018-12-07,168000,26,28,30,33,34
2018-12-08,82000,4,11,13,21,25
2018-12-09,70000,5,9,14,19,28
2018-12-10,71000,1,12,14,17,34
2018-12-11,164000,1,16,20,25,35
2018-12-12,281000,1,4,8,17,28
2018-12-13,72000,1,20,25,27,32
2018-12-14,81000,1,18,22,35,36
2018-12-15,79000,8,13,17,18,34
2018-12-16,159000,2,20,31,35,38
2018-12-17,270000,18,24,26,31,39
2018-12-18,74000,1,4,18,28,32
2018-12-19,74000,3,5,6,7,25
2018-12-20,72000,2,4,11,15,31
2018-12-21,170000,5,10,12,31,32
2018-12-22,83000,6,23,27,28,35
2018-12-23,165000,2,5,18,23,34
2018-12-24,70000,7,9,17,25,29
2018-12-25,75000,1,14,17,36,38
2018-12-26,157000,7,12,13,14,17
2018-12-27,74000,14,16,25,27,39
2018-12-28,80000,2,6,15,24,35
2018-12-29,81000,8,23,26,30,32
2018-12-30,164000,3,7,13,19,25
2018-12-31,282000,8,25,30,35,36
2019-01-01,74000,11,14,16,34,38
2019-01-02,75000,5,7,17,24,30
2019-01-03,74000,6,10,20,34,35
2019-01-04,80000,10,12,14,16,19
2019-01-05,79000,11,20,21,29,33
2019-01-06,67000,10,21,25,33,36
2019-01-07,148000,4,5,6,14,18
2019-01-08,77000,12,17,28,31,35
2019-01-09,169000,8,9,11,16,17
2019-01-10,75000,7,8,23,35,37
2019-01-11,173000,2,15,20,26,32
2019-01-12,81000,23,34,35,38,39
2019-01-13,164000,2,20,25,30,36
2019-01-14,71000,6,7,9,14,20
2019-01-15,161000,5,15,23,34,36
2019-01-16,75000,3,7,9,32,35
2019-01-17,75000,22,24,30,33,38
2019-01-18,82000,1,2,19,21,29
2019-01-19,80000,3,14,30,31,38
2019-01-20,66000,10,19,22,27,29
2019-01-21,69000,12,23,25,29,38
2019-01-22,158000,1,8,12,23,25
2019-01-23,78000,8,9,32,37,39
2019-01-24,167000,1,5,9,25,37
2019-01-25,82000,8,13,34,35,39
2019-01-26,180000,7,13,24,30,38
2019-01-27,296000,3,12,16,26,27
2019-01-28,476000,14,18,27,34,36
2019-01-29,79000,16,20,25,31,36
2019-01-30,168000,3,17,18,25,26
2019-01-31,291000,1,7,15,25,33
2019-02-01,83000,1,9,22,27,37
2019-02-02,79000,3,4,6,10,33
2019-02-03,159000,15,16,31,33,34
2019-02-04,70000,4,6,17,20,27
2019-02-05,75000,5,10,14,34,38
2019-02-06,168000,8,20,26,32,39
2019-02-07,293000,12,17,29,30,39
2019-02-08,475000,3,6,11,23,33
2019-02-09,90000,7,9,14,18,37
2019-02-10,178000,2,14,17,24,28
2019-02-11,69000,3,11,14,15,16
2019-02-12,163000,3,5,11,27,37
2019-02-13,76000,4,10,11,16,23
2019-02-14,74000,20,27,28,29,34
2019-02-15,81000,1,3,13,27,37
2019-02-16,81000,9,10,14,19,20
2019-02-17,68000,6,7,14,29,38
2019-02-18,70000,2,11,17,27,32
2019-02-19,163000,1,3,9,14,15
2019-02-20,73000,3,7,24,27,36
2019-02-21,164000,17,28,31,37,38
2019-02-22,288000,2,14,25,36,38
2019-02-23,81000,6,14,19,20,32
2019-02-24,166000,17,18,28,29,31
2019-02-25,71000,19,21,22,29,33
2019-02-26,74000,5,13,15,29,34
2019-02-27,164000,10,12,26,30,32
2019-02-28,286000,2,4,5,26,32
2019-03-01,81000,4,8,9,22,27
2019-03-02,83000,1,11,14,36,39
2019-03-03,170000,2,18,26,32,34
2019-03-04,69000,7,14,21,27,35
2019-03-05,74000,1,5,19,21,26
2019-03-06,74000,10,11,16,18,30
2019-03-07,74000,11,28,29,32,36
2019-03-08,176000,2,7,26,36,38
2019-03-09,79000,1,6,18,38,39
2019-03-10,162000,3,5,11,17,25
2019-03-11,70000,6,14,15,16,30
2019-03-12,74000,1,8,11,19,39
2019-03-13,167000,16,27,28,32,36
2019-03-14,74000,4,6,11,23,33
2019-03-15,173000,3,8,16,29,30
2019-03-16,79000,19,20,21,22,31
2019-03-17,67000,1,3,9,17,18
2019-03-18,70000,2,3,6,11,38
2019-03-19,76000,9,11,15,18,20
2019-03-20,167000,2,4,9,16,17
2019-03-21,288000,8,20,22,28,35
2019-03-22,82000,7,23,30,36,39
2019-03-23,181000,8,10,14,24,36
2019-03-24,299000,2,9,20,23,27
2019-03-25,70000,13,24,26,30,38
2019-03-26,162000,11,27,28,30,33
2019-03-27,74000,8,21,28,32,39
2019-03-28,73000,2,9,12,31,33
2019-03-29,82000,1,9,10,17,26
2019-03-30,79000,3,9,17,19,30
2019-03-31,66000,1,9,16,24,34
2019-04-01,150000,7,9,13,31,39
2019-04-02,270000,1,5,6,9,16
2019-04-03,78000,4,12,26,27,28
2019-04-04,175000,1,2,28,37,38
2019-04-05,311000,8,10,26,28,29
2019-04-06,81000,18,20,28,30,39
2019-04-07,168000,5,9,13,36,39
2019-04-08,70000,2,3,6,27,39
2019-04-09,76000,9,30,32,33,38
2019-04-10,166000,3,12,26,31,37
2019-04-11,288000,6,17,33,35,38
2019-04-12,464000,5,6,15,17,26
2019-04-13,82000,2,9,24,31,39
2019-04-14,69000,20,22,28,34,37
2019-04-15,155000,12,14,22,29,38
2019-04-16,278000,18,23,24,31,34
2019-04-17,76000,2,6,7,27,32
2019-04-18,170000,1,13,21,26,29
2019-04-19,303000,2,8,9,23,38
2019-04-20,80000,8,18,22,24,26
2019-04-21,165000,11,13,15,26,29
2019-04-22,70000,2,9,22,27,35
2019-04-23,162000,1,15,28,32,34
2019-04-24,77000,9,12,19,22,27
2019-04-25,74000,1,2,16,18,39
2019-04-26,174000,2,16,27,30,33
2019-04-27,301000,3,7,20,22,23
2019-04-28,70000,15,20,21,26,29
2019-04-29,69000,8,18,24,30,33
2019-04-30,160000,13,21,22,30,37
2019-05-01,76000,15,32,34,35,36
2019-05-02,74000,5,11,23,33,37
2019-05-03,81000,6,7,25,27,32
2019-05-04,182000,3,4,7,21,30
2019-05-05,301000,1,6,27,36,39
2019-05-06,75000,21,29,35,36,37
2019-05-07,172000,15,29,33,34,37
2019-05-08,299000,2,18,19,29,32
2019-05-09,78000,10,12,14,15,23
2019-05-10,179000,1,5,8,14,20
2019-05-11,84000,15,26,31,33,36
2019-05-12,166000,4,9,18,22,30
2019-05-13,284000,6,14,20,21,35
2019-05-14,78000,13,31,35,37,39
2019-05-15,75000,14,18,19,22,39
2019-05-16,166000,16,17,25,35,37
2019-05-17,294000,10,12,13,27,39
2019-05-18,81000,9,11,18,25,39
2019-05-19,69000,4,15,28,33,34
2019-05-20,154000,2,4,11,12,32
2019-05-21,274000,10,11,27,28,36
2019-05-22,73000,3,4,7,8,36
2019-05-23,164000,1,7,15,19,23
2019-05-24,85000,1,3,11,19,26
2019-05-25,80000,1,7,16,18,34
2019-05-26,68000,4,5,13,18,33
2019-05-27,152000,1,12,18,30,38
2019-05-28,76000,1,11,32,38,39
2019-05-29,165000,1,9,17,24,37
2019-05-30,282000,1,5,17,18,21
2019-05-31,81000,2,10,13,26,38
2019-06-01,179000,7,9,18,19,30
2019-06-02,69000,16,22,27,34,38
2019-06-03,70000,13,21,26,27,29
2019-06-04,75000,13,14,15,20,38
2019-06-05,76000,13,20,21,33,36
2019-06-06,167000,1,8,11,16,18
2019-06-07,84000,3,4,7,21,30
2019-06-08,81000,21,28,30,34,39
2019-06-09,161000,10,16,24,30,35
2019-06-10,273000,3,5,7,15,23
2019-06-11,75000,10,22,25,31,35
2019-06-12,75000,5,13,15,16,39
2019-06-13,73000,13,17,21,27,37
2019-06-14,82000,10,15,33,36,37
2019-06-15,80000,4,20,25,26,27
2019-06-16,162000,12,17,18,26,29
2019-06-17,73000,23,30,33,36,37
2019-06-18,76000,14,24,35,37,38
2019-06-19,168000,7,10,19,25,32
2019-06-20,77000,6,12,14,22,30
2019-06-21,177000,21,24,26,28,34
2019-06-22,309000,4,23,28,34,39
2019-06-23,491000,1,22,24,26,39
2019-06-24,78000,10,11,22,28,39
2019-06-25,77000,7,11,16,22,34
2019-06-26,168000,17,29,30,35,37
2019-06-27,76000,3,13,14,32,36
2019-06-28,176000,6,14,15,23,32
2019-06-29,83000,2,11,20,21,24
2019-06-30,171000,6,9,20,26,30
2019-07-01,295000,4,13,16,30,33
2019-07-02,80000,6,7,15,17,37
2019-07-03,176000,5,12,26,34,36
2019-07-04,74000,3,4,10,26,27
2019-07-05,171000,11,12,21,29,39
2019-07-06,80000,3,22,28,32,36
2019-07-07,68000,13,24,30,32,37
2019-07-08,153000,4,13,17,19,22
2019-07-09,77000,6,9,17,22,29
2019-07-10,165000,2,3,22,27,33
2019-07-11,73000,8,15,30,31,39
2019-07-12,83000,13,18,19,22,37
2019-07-13,181000,8,18,22,23,25
2019-07-14,293000,13,18,23,30,37
2019-07-15,72000,13,16,21,24,37
2019-07-16,163000,10,13,24,25,36
2019-07-17,284000,1,8,20,35,39
2019-07-18,74000,10,19,23,24,39
2019-07-19,171000,6,8,14,34,36
2019-07-20,81000,2,3,25,30,36
2019-07-21,67000,14,26,36,38,39
2019-07-22,152000,1,11,12,21,26
2019-07-23,77000,4,6,12,29,33
2019-07-24,75000,14,15,20,25,26
2019-07-25,75000,2,5,17,19,23
2019-07-26,83000,3,5,16,22,25
2019-07-27,80000,1,6,14,21,30
2019-07-28,159000,7,21,24,29,38
2019-07-29,72000,1,19,22,31,35
2019-07-30,75000,5,6,29,32,38
2019-07-31,163000,8,13,18,20,30
2019-08-01,75000,2,15,21,22,28
2019-08-02,81000,24,26,28,34,35
2019-08-03,181000,2,5,8,27,34
2019-08-04,71000,8,14,16,17,21
2019-08-05,71000,2,16,23,24,30
2019-08-06,160000,5,11,17,21,25
2019-08-07,75000,5,8,13,19,35
2019-08-08,74000,21,26,27,32,39
2019-08-09,169000,2,12,33,34,38
2019-08-10,79000,7,12,19,28,33
2019-08-11,69000,2,3,8,10,13
2019-08-12,153000,19,20,26,33,38
2019-08-13,269000,5,7,15,28,31
2019-08-14,76000,1,8,12,31,32
2019-08-15,167000,5,6,16,34,38
2019-08-16,81000,3,10,13,14,28
2019-08-17,176000,4,6,16,19,20
2019-08-18,287000,13,16,20,26,39
2019-08-19,75000,1,25,31,34,39
2019-08-20,165000,8,25,27,34,39
2019-08-21,77000,5,6,17,20,33
2019-08-22,169000,5,6,7,8,12
2019-08-23,85000,2,3,5,16,31
2019-08-24,183000,8,10,33,36,38
2019-08-25,67000,7,16,23,25,34
2019-08-26,69000,16,32,34,36,38
2019-08-27,76000,16,20,26,30,39
2019-08-28,75000,23,25,29,30,31
2019-08-29,165000,7,24,28,30,34
2019-08-30,82000,24,30,31,35,39
2019-08-31,183000,6,12,18,29,34
2019-09-01,66000,12,14,20,24,31
2019-09-02,153000,4,12,25,32,36
2019-09-03,269000,1,2,12,22,30
2019-09-04,449000,13,16,22,24,33
2019-09-05,697000,7,19,29,30,37
2019-09-06,89000,8,14,18,32,34
2019-09-07,193000,4,8,12,21,25
2019-09-08,71000,2,4,8,16,39
2019-09-09,157000,8,17,20,34,39
2019-09-10,283000,13,15,19,29,37
2019-09-11,74000,3,14,15,25,26
2019-09-12,73000,1,24,35,37,38
2019-09-13,173000,4,19,21,28,34
2019-09-14,310000,8,12,17,30,36
2019-09-15,66000,6,13,19,21,22
2019-09-16,72000,6,18,19,25,35
2019-09-17,163000,5,7,10,11,18
2019-09-18,75000,1,5,17,22,27
2019-09-19,74000,2,15,19,24,38
2019-09-20,82000,1,3,13,27,29
2019-09-21,82000,7,13,17,26,34
2019-09-22,68000,9,13,21,22,31
2019-09-23,150000,9,20,26,28,33
2019-09-24,78000,2,8,9,20,25
2019-09-25,73000,9,11,13,21,32
2019-09-26,73000,1,2,17,20,25
2019-09-27,81000,4,15,17,30,35
2019-09-28,79000,1,12,15,22,27
2019-09-29,161000,19,28,30,32,37
2019-09-30,72000,5,13,14,18,22
2019-10-01,164000,10,14,17,23,33
2019-10-02,289000,2,20,24,35,39
2019-10-03,479000,9,17,22,29,32
2019-10-04,89000,6,8,9,25,30
2019-10-05,80000,4,13,18,20,32
2019-10-06,69000,14,17,19,35,39
2019-10-07,154000,4,19,27,37,39
2019-10-08,279000,12,24,33,35,39
2019-10-09,73000,3,11,12,19,31
2019-10-10,73000,1,16,24,36,39
2019-10-11,170000,9,15,29,36,39
2019-10-12,79000,21,23,24,31,37
2019-10-13,161000,3,9,14,21,24
2019-10-14,73000,6,8,13,31,36
2019-10-15,74000,6,10,19,23,38
2019-10-16,163000,12,14,28,29,37
2019-10-17,286000,24,26,37,38,39
2019-10-18,82000,1,15,20,33,36
2019-10-19,179000,4,5,10,20,35
2019-10-20,293000,10,19,23,28,31
2019-10-21,70000,4,8,10,11,17
2019-10-22,76000,2,3,25,28,39
2019-10-23,73000,6,16,23,30,33
2019-10-24,164000,3,13,22,27,28
2019-10-25,83000,2,14,16,19,36
2019-10-26,178000,18,30,31,34,35
2019-10-27,69000,3,6,23,31,32
2019-10-28,69000,13,19,22,26,39
2019-10-29,158000,9,19,23,29,33
2019-10-30,272000,5,10,14,20,29
2019-10-31,74000,3,10,13,14,16
2019-11-01,172000,7,8,29,34,38
2019-11-02,81000,4,5,8,28,32
2019-11-03,67000,4,16,18,23,39
2019-11-04,69000,5,16,18,19,33
2019-11-05,160000,8,15,23,36,39
2019-11-06,73000,4,10,12,17,39
2019-11-07,72000,5,11,27,28,29
2019-11-08,82000,5,24,26,30,36
2019-11-09,180000,4,10,13,24,31
2019-11-10,295000,9,27,33,35,36
2019-11-11,72000,16,23,28,34,37
2019-11-12,76000,17,21,28,30,38
2019-11-13,164000,3,13,14,19,25
2019-11-14,77000,5,26,27,36,39
2019-11-15,82000,11,12,14,17,33
2019-11-16,182000,1,4,22,25,34
2019-11-17,68000,5,12,19,30,35
2019-11-18,71000,1,4,5,28,32
2019-11-19,75000,7,9,13,22,24
2019-11-20,166000,6,9,12,17,36
2019-11-21,283000,6,7,8,9,24
2019-11-22,83000,2,13,21,31,33
2019-11-23,82000,12,17,18,25,33
2019-11-24,162000,5,6,20,26,38
2019-11-25,279000,6,10,22,25,37
2019-11-26,77000,3,12,13,17,24
2019-11-27,75000,7,8,23,35,39
2019-11-28,165000,4,9,15,19,28
2019-11-29,81000,6,12,14,22,39
2019-11-30,172000,1,10,23,27,35
2019-12-01,66000,3,20,30,33,37
2019-12-02,146000,4,11,20,32,33
2019-12-03,264000,10,15,24,31,38
2019-12-04,75000,9,15,19,29,39
2019-12-05,69000,6,21,23,24,37
2019-12-06,176000,15,17,23,25,38
2019-12-07,75000,9,14,18,23,39
2019-12-08,61000,2,9,12,30,36
2019-12-09,153000,8,9,14,24,28
2019-12-10,70000,9,16,27,32,35
2019-12-11,169000,6,7,14,21,24
2019-12-12,70000,5,16,18,27,39
2019-12-13,78000,7,9,12,14,26
2019-12-14,79000,2,11,15,33,34
2019-12-15,63000,10,11,19,30,34
2019-12-16,156000,3,18,24,25,36
2019-12-17,298000,2,12,17,24,37
2019-12-18,73000,2,6,9,23,34
2019-12-19,70000,23,31,34,35,36
2019-12-20,178000,6,12,16,18,19
2019-12-21,77000,4,17,32,33,34
2019-12-22,167000,3,23,27,28,30
2019-12-23,69000,15,20,21,23,30
2019-12-24,167000,2,10,14,23,34
2019-12-25,70000,1,2,4,8,34
2019-12-26,159000,8,11,12,29,37
2019-12-27,79000,16,21,31,33,37
2019-12-28,77000,1,11,12,34,35
2019-12-29,169000,8,11,22,23,37
2019-12-30,71000,7,20,30,38,39
2019-12-31,171000,8,14,19,35,36
2020-01-01,75000,4,18,24,37,38
2020-01-02,169000,1,7,12,21,33
2020-01-03,316000,12,20,27,28,35
2020-01-04,549000,1,17,19,33,38
2020-01-05,935000,1,8,13,21,31
2020-01-06,67000,4,12,15,19,24
2020-01-07,73000,17,19,20,27,34
2020-01-08,73000,13,18,21,32,35
2020-01-09,70000,8,10,17,26,35
2020-01-10,78000,16,27,30,34,35
2020-01-11,185000,10,16,18,22,31
2020-01-12,66000,6,18,29,33,36
2020-01-13,67000,1,4,5,7,18
2020-01-14,70000,2,7,15,18,28
2020-01-15,70000,11,20,21,26,28
2020-01-16,67000,3,18,20,28,29
2020-01-17,172000,4,6,9,15,38
2020-01-18,313000,4,8,13,25,34
2020-01-19,65000,20,22,29,32,33
2020-01-20,68000,1,31,35,36,37
2020-01-21,162000,7,25,27,29,31
2020-01-22,302000,8,12,22,32,33
2020-01-23,67000,3,8,16,35,36
2020-01-24,79000,3,13,20,25,28
2020-01-25,78000,3,4,9,13,22
2020-01-26,176000,5,18,26,34,36
2020-01-27,69000,5,26,27,29,35
2020-01-28,163000,7,15,30,33,39
2020-01-29,73000,17,23,25,31,33
2020-01-30,67000,18,22,25,27,37
2020-01-31,173000,3,9,14,18,30
2020-02-01,75000,1,2,20,30,37
2020-02-02,170000,3,11,19,23,38
2020-02-03,69000,15,28,30,36,38
2020-02-04,165000,9,15,25,31,34
2020-02-05,71000,6,18,30,36,39
2020-02-06,68000,6,7,18,33,37
2020-02-07,177000,5,6,17,28,30
2020-02-08,322000,2,18,20,27,38
2020-02-09,66000,3,12,14,25,35
2020-02-10,162000,2,6,11,28,34
2020-02-11,309000,4,17,18,27,37
2020-02-12,70000,14,19,24,29,36
2020-02-13,171000,6,7,17,32,34
2020-02-14,77000,12,18,21,32,34
2020-02-15,76000,14,33,34,37,38
2020-02-16,171000,6,17,24,35,38
2020-02-17,70000,19,24,31,33,36
2020-02-18,165000,3,11,28,34,36
2020-02-19,71000,3,4,5,30,38
2020-02-20,172000,8,22,24,34,36
2020-02-21,323000,5,11,21,27,28
2020-02-22,82000,10,21,22,36,39
2020-02-23,62000,5,6,24,37,39
2020-02-24,159000,4,13,20,21,33
2020-02-25,71000,4,13,14,18,32
2020-02-26,171000,9,19,23,25,29
2020-02-27,322000,1,12,22,24,37
2020-02-28,81000,1,3,24,26,27
2020-02-29,190000,5,17,25,28,33
2020-03-01,64000,7,20,22,31,38
2020-03-02,67000,9,16,20,24,37
2020-03-03,71000,18,22,26,29,34
2020-03-04,71000,17,27,28,30,35
2020-03-05,171000,3,8,19,27,36
2020-03-06,326000,1,16,17,23,32
2020-03-07,83000,4,6,11,16,27
2020-03-08,178000,7,13,23,31,39
2020-03-09,72000,2,3,11,16,25
2020-03-10,172000,12,15,17,27,34
2020-03-11,75000,2,13,23,24,30
2020-03-12,69000,10,22,33,34,35
2020-03-13,175000,8,10,28,36,38
2020-03-14,316000,4,8,12,31,35
2020-03-15,522000,26,28,29,32,39
2020-03-16,70000,5,6,9,18,20
2020-03-17,165000,7,19,23,25,26
2020-03-18,71000,1,5,10,32,36
2020-03-19,163000,1,2,16,21,28
2020-03-20,78000,1,23,27,28,33
2020-03-21,174000,11,16,17,24,30
2020-03-22,273000,2,11,22,27,30
2020-03-23,68000,7,15,19,31,39
2020-03-24,153000,4,18,19,30,36
2020-03-25,279000,19,21,22,34,37
2020-03-26,69000,2,7,18,19,35
2020-03-27,166000,17,18,20,24,35
2020-03-28,288000,13,22,24,26,36
2020-03-29,461000,7,22,25,28,33
2020-03-30,68000,5,8,15,27,28
2020-03-31,73000,15,17,30,32,38
2020-04-01,161000,7,22,30,31,39
2020-04-02,290000,13,14,25,26,38
2020-04-03,78000,9,10,17,22,25
2020-04-04,76000,22,24,25,32,33
2020-04-05,157000,11,19,21,26,30
2020-04-06,272000,13,18,20,25,31
2020-04-07,454000,1,4,20,27,38
2020-04-08,72000,13,15,19,22,28
2020-04-09,69000,11,13,28,30,32
2020-04-10,163000,13,22,27,31,35
2020-04-11,281000,7,14,34,35,38
2020-04-12,65000,11,13,16,21,22
2020-04-13,152000,3,8,27,33,34
2020-04-14,73000,7,12,22,26,27
2020-04-15,163000,3,7,10,17,37
2020-04-16,69000,3,10,12,16,22
2020-04-17,171000,1,3,14,28,34
2020-04-18,79000,2,8,10,25,37
2020-04-19,63000,5,8,14,31,35
2020-04-20,67000,17,26,29,30,31
2020-04-21,70000,11,13,17,27,36
2020-04-22,163000,3,10,23,37,38
2020-04-23,67000,2,17,18,19,37
2020-04-24,168000,2,18,20,30,31
2020-04-25,295000,20,23,25,26,30
2020-04-26,61000,7,30,32,37,39
2020-04-27,152000,2,6,24,35,38
2020-04-28,73000,3,5,24,35,39
2020-04-29,169000,6,9,20,22,38
2020-04-30,67000,8,16,18,29,37
2020-05-01,173000,8,11,19,36,37
2020-05-02,77000,5,6,7,20,22
2020-05-03,65000,5,7,13,27,31
2020-05-04,158000,4,8,21,23,26
2020-05-05,74000,8,24,32,33,35
2020-05-06,172000,10,20,22,27,29
2020-05-07,70000,8,10,12,14,23
2020-05-08,176000,2,3,7,19,20
2020-05-09,75000,14,17,19,27,28
2020-05-10,166000,12,15,16,19,28
2020-05-11,68000,6,12,16,28,33
2020-05-12,70000,4,9,11,21,38
2020-05-13,72000,7,8,10,15,23
2020-05-14,67000,12,28,34,37,39
2020-05-15,78000,7,11,12,22,28
2020-05-16,186000,11,15,20,29,39
2020-05-17,64000,5,15,18,30,35
2020-05-18,0,4,16,21,31,38
2020-05-19,304000,18,23,28,36,37
2020-05-20,76000,14,19,24,27,28
2020-05-21,70000,10,12,25,31,36
2020-05-22,180000,3,4,8,16,24
2020-05-23,80000,9,12,13,28,34
2020-05-24,63000,13,17,19,23,26
2020-05-25,158000,5,7,26,29,35
2020-05-26,305000,2,11,12,15,22
2020-05-27,78000,1,10,20,26,38
2020-05-28,179000,3,8,22,23,27
2020-05-29,81000,9,13,15,17,29
2020-05-30,77000,2,7,30,31,35
2020-05-31,64000,23,26,31,37,38
2020-06-01,158000,1,3,12,18,24
2020-06-02,72000,5,7,20,24,33
2020-06-03,70000,5,12,18,19,23
2020-06-04,167000,7,8,22,27,28
2020-06-05,82000,2,11,14,18,25
2020-06-06,190000,5,10,13,27,35
2020-06-07,61000,2,22,27,32,33
2020-06-08,69000,2,13,15,17,29
2020-06-09,166000,2,9,10,16,18
2020-06-10,70000,2,9,12,14,19
2020-06-11,171000,10,15,17,21,34
2020-06-12,316000,2,3,16,17,38
2020-06-13,75000,10,14,15,22,26
2020-06-14,61000,4,9,16,29,39
2020-06-15,70000,1,5,13,21,22
2020-06-16,72000,15,21,23,24,28
2020-06-17,173000,8,23,26,31,37
2020-06-18,67000,4,5,19,20,37
2020-06-19,80000,1,7,17,28,33
2020-06-20,78000,4,13,16,21,23
2020-06-21,64000,7,10,15,29,38
2020-06-22,163000,4,12,17,18,37
2020-06-23,74000,11,12,17,20,31
2020-06-24,177000,9,14,16,20,37
2020-06-25,326000,7,8,19,28,39
2020-06-26,81000,1,10,15,21,26
2020-06-27,192000,5,7,24,32,37
2020-06-28,62000,9,28,32,35,37
2020-06-29,161000,9,13,19,20,23
2020-06-30,75000,2,15,17,19,36
2020-07-01,73000,2,10,19,20,23
2020-07-02,67000,15,22,25,27,34
2020-07-03,180000,4,6,36,37,38
2020-07-04,331000,4,6,9,29,35
2020-07-05,65000,2,10,14,24,27
2020-07-06,164000,15,18,21,25,38
2020-07-07,73000,14,22,23,29,32
2020-07-08,177000,11,13,24,27,32
2020-07-09,69000,11,19,23,26,32
2020-07-10,78000,1,18,19,23,25
2020-07-11,187000,2,3,8,29,39
2020-07-12,308000,5,11,16,19,20
2020-07-13,70000,8,11,17,30,32
2020-07-14,171000,10,16,20,23,32
2020-07-15,73000,7,11,27,28,33
2020-07-16,71000,1,20,21,24,37
2020-07-17,79000,12,16,29,32,38
2020-07-18,76000,1,3,8,28,37
2020-07-19,61000,11,22,23,24,38
2020-07-20,158000,13,16,30,33,38
2020-07-21,73000,3,13,25,31,39
2020-07-22,73000,6,12,13,30,31
2020-07-23,68000,12,15,23,25,35
2020-07-24,78000,6,22,25,30,35
2020-07-25,75000,6,7,17,26,27
2020-07-26,64000,9,10,17,30,39
2020-07-27,67000,3,8,16,28,29
2020-07-28,70000,5,20,28,35,38
2020-07-29,170000,11,13,22,31,37
2020-07-30,69000,1,24,35,36,37
2020-07-31,179000,1,11,14,16,28
2020-08-01,78000,2,8,9,13,23
2020-08-02,175000,1,4,9,13,20
2020-08-03,316000,3,5,16,26,27
2020-08-04,72000,6,11,17,24,32
2020-08-05,70000,22,26,27,32,39
2020-08-06,171000,7,15,16,29,36
2020-08-07,325000,6,7,14,19,25
2020-08-08,76000,1,10,16,31,37
2020-08-09,61000,1,2,3,8,31
2020-08-10,159000,1,5,18,26,29
2020-08-11,71000,11,12,19,32,33
2020-08-12,70000,9,12,14,21,36
2020-08-13,68000,6,9,16,19,29
2020-08-14,79000,9,16,18,19,29
2020-08-15,78000,25,32,34,36,38
2020-08-16,62000,14,18,33,36,38
2020-08-17,67000,8,20,25,27,36
2020-08-18,71000,1,5,29,30,38
2020-08-19,172000,4,15,17,23,30
2020-08-20,322000,7,10,23,32,37
2020-08-21,81000,3,5,7,14,39
2020-08-22,78000,4,6,9,14,30
2020-08-23,62000,4,7,15,28,31
2020-08-24,158000,13,17,26,32,35
2020-08-25,311000,8,9,22,29,31
2020-08-26,70000,16,17,20,23,33
2020-08-27,172000,10,15,18,19,23
2020-08-28,326000,9,11,12,13,14
2020-08-29,76000,3,26,29,32,33
2020-08-30,174000,4,7,11,25,27
2020-08-31,74000,8,21,25,27,32
2020-09-01,176000,7,10,15,24,30
2020-09-02,70000,13,14,23,25,27
2020-09-03,174000,9,15,22,33,35
2020-09-04,77000,11,17,18,20,29
2020-09-05,188000,3,14,21,24,27
2020-09-06,0,4,7,13,21,33
2020-09-07,68000,9,21,23,37,39
2020-09-08,164000,2,8,18,19,36
2020-09-09,0,1,14,15,27,29
2020-09-10,70000,6,12,26,30,35
2020-09-11,79000,7,15,17,27,31
2020-09-12,78000,6,15,17,29,33
2020-09-13,177000,7,9,11,33,36
2020-09-14,71000,1,14,15,23,27
2020-09-15,70000,11,17,21,22,30
2020-09-16,71000,1,25,31,33,35
2020-09-17,69000,1,22,33,36,37
2020-09-18,179000,1,2,3,28,33
2020-09-19,323000,2,6,10,24,25
2020-09-20,557000,5,6,7,20,23
2020-09-21,81000,3,21,31,32,39
2020-09-22,183000,7,10,17,19,27
2020-09-23,77000,1,2,12,36,37
2020-09-24,180000,11,19,22,23,33
2020-09-25,337000,7,16,25,27,39
2020-09-26,77000,7,8,11,13,17
2020-09-27,62000,5,6,19,22,26
2020-09-28,68000,2,4,20,21,23
2020-09-29,167000,2,24,25,30,37
2020-09-30,72000,4,11,16,32,35
2020-10-01,173000,4,10,20,24,26
2020-10-02,81000,21,25,31,35,37
2020-10-03,190000,6,12,18,22,25
2020-10-04,66000,4,12,16,18,20
2020-10-05,67000,4,9,22,30,36
2020-10-06,167000,3,8,11,12,25
2020-10-07,75000,3,20,22,34,37
2020-10-08,177000,5,10,13,19,37
2020-10-09,79000,5,14,15,23,33
2020-10-10,78000,5,10,13,15,25
2020-10-11,64000,1,6,12,25,36
2020-10-12,161000,2,6,11,17,18
2020-10-13,313000,2,4,6,22,39
2020-10-14,76000,2,3,8,22,36
2020-10-15,67000,9,11,15,16,35
2020-10-16,177000,6,12,19,27,30
2020-10-17,327000,1,3,12,18,26
2020-10-18,62000,7,9,12,15,37
2020-10-19,161000,3,6,7,30,31
2020-10-20,73000,4,18,25,26,31
2020-10-21,175000,6,11,20,24,27
2020-10-22,68000,25,28,29,30,31
2020-10-23,77000,9,23,24,34,35
2020-10-24,187000,13,16,17,22,33
2020-10-25,314000,7,14,15,34,36
2020-10-26,70000,5,18,26,29,31
2020-10-27,72000,4,18,19,31,35
2020-10-28,174000,4,18,23,28,29
2020-10-29,71000,11,13,20,23,26
2020-10-30,77000,5,7,11,20,32
2020-10-31,78000,4,6,10,25,30
2020-11-01,64000,9,10,13,19,35
2020-11-02,161000,1,9,19,22,38
2020-11-03,318000,4,8,11,15,30
2020-11-04,74000,8,16,25,26,27
2020-11-05,67000,3,13,24,25,38
2020-11-06,78000,4,20,25,27,32
2020-11-07,189000,3,9,13,35,36
2020-11-08,61000,10,11,17,27,30
2020-11-09,157000,9,12,26,32,33
2020-11-10,307000,1,15,23,31,33
2020-11-11,70000,1,8,14,19,39
2020-11-12,172000,12,16,18,23,29
2020-11-13,80000,11,12,14,21,22
2020-11-14,190000,4,6,16,22,34
2020-11-15,64000,2,9,10,14,27
2020-11-16,162000,4,16,20,32,34
2020-11-17,316000,10,28,32,35,37
2020-11-18,75000,1,4,5,18,34
2020-11-19,70000,5,19,28,35,36
2020-11-20,183000,2,8,31,32,37
2020-11-21,76000,1,6,11,16,37
2020-11-22,64000,11,16,21,25,37
2020-11-23,69000,5,6,8,10,19
2020-11-24,75000,6,7,13,21,30
2020-11-25,73000,17,19,26,31,32
2020-11-26,70000,15,24,32,33,36
2020-11-27,77000,2,6,16,18,31
2020-11-28,181000,3,10,17,31,35
2020-11-29,62000,21,22,24,27,28
2020-11-30,68000,8,10,16,17,36
2020-12-01,71000,1,14,17,27,35
2020-12-02,73000,22,23,24,30,39
2020-12-03,67000,4,9,11,24,25
2020-12-04,78000,2,10,17,26,34
2020-12-05,78000,15,24,29,34,39
2020-12-06,61000,4,19,22,23,32
2020-12-07,69000,2,6,19,22,24
2020-12-08,70000,6,8,14,21,31
2020-12-09,73000,3,13,14,38,39
2020-12-10,173000,6,8,30,37,38
2020-12-11,77000,3,16,24,33,35
2020-12-12,183000,21,28,32,33,36
2020-12-13,63000,8,17,20,21,27
2020-12-14,70000,11,22,27,31,33
2020-12-15,169000,4,6,12,17,21
2020-12-16,73000,1,11,16,19,38
2020-12-17,68000,4,16,23,34,36
2020-12-18,177000,5,11,15,27,36
2020-12-19,76000,26,29,30,33,37
2020-12-20,171000,1,4,19,22,34
2020-12-21,306000,2,4,5,31,38
2020-12-22,538000,1,4,6,13,22
2020-12-23,73000,5,12,19,22,25
2020-12-24,182000,6,11,17,23,24
2020-12-25,78000,6,10,22,31,38
2020-12-26,77000,10,21,23,29,36
2020-12-27,62000,8,19,27,34,39
2020-12-28,68000,4,8,13,29,32
2020-12-29,72000,1,13,14,15,23
2020-12-30,177000,5,7,23,28,36
2020-12-31,70000,2,10,12,26,32
2021-01-01,201000,5,26,27,28,33
2021-01-02,77000,3,9,19,29,31
2021-01-03,65000,6,16,25,26,32
2021-01-04,69000,7,13,19,38,39
2021-01-05,168000,3,9,13,17,38
2021-01-06,324000,13,25,31,34,36
2021-01-07,71000,4,10,26,33,39
2021-01-08,187000,2,16,20,24,35
2021-01-09,79000,3,4,19,26,27
2021-01-10,61000,2,9,24,26,36
2021-01-11,161000,9,22,30,31,36
2021-01-12,73000,8,16,17,27,32
2021-01-13,70000,5,10,14,22,32
2021-01-14,179000,13,17,19,21,22
2021-01-15,81000,10,11,17,26,36
2021-01-16,75000,1,17,18,25,29
2021-01-17,61000,1,11,16,23,28
2021-01-18,69000,2,18,32,34,39
2021-01-19,71000,10,12,13,18,21
2021-01-20,186000,14,17,19,21,24
2021-01-21,69000,5,6,15,38,39
2021-01-22,188000,7,10,11,19,23
2021-01-23,81000,13,21,23,24,38
2021-01-24,179000,17,21,30,32,33
2021-01-25,323000,16,20,25,30,36
2021-01-26,76000,2,6,8,10,28
2021-01-27,70000,8,10,21,26,32
2021-01-28,69000,10,15,19,23,28
2021-01-29,185000,3,6,14,17,32
2021-01-30,80000,7,27,31,33,36
2021-01-31,184000,16,19,26,28,36
2021-02-01,71000,1,10,12,13,39
2021-02-02,180000,4,9,18,24,35
2021-02-03,72000,2,9,16,22,28
2021-02-04,67000,2,11,16,19,24
2021-02-05,80000,3,5,14,18,22
2021-02-06,196000,2,4,15,35,37
2021-02-07,334000,8,10,19,24,35
2021-02-08,70000,4,8,22,25,35
2021-02-09,71000,6,8,10,32,38
2021-02-10,70000,5,15,18,35,36
2021-02-11,179000,15,19,21,23,26
2021-02-12,346000,1,25,26,27,37
2021-02-13,76000,9,10,13,22,30
2021-02-14,178000,1,3,23,30,35
2021-02-15,330000,4,17,18,22,25
2021-02-16,74000,9,11,14,20,35
2021-02-17,182000,5,10,11,26,36
2021-02-18,344000,5,8,11,14,23
2021-02-19,599000,9,12,21,28,31
2021-02-20,1100000,3,9,12,36,37
2021-02-21,72000,3,6,19,26,36
2021-02-22,70000,1,2,7,17,38
2021-02-23,73000,9,13,16,21,36
2021-02-24,185000,13,22,23,24,25
2021-02-25,348000,5,9,26,32,38
2021-02-26,85000,7,8,16,20,33
2021-02-27,203000,5,6,9,22,32
2021-02-28,61000,10,15,18,20,27
2021-03-01,165000,16,19,24,28,32
2021-03-02,329000,3,7,9,10,12
2021-03-03,77000,3,12,20,25,30
2021-03-04,67000,1,8,11,12,18
2021-03-05,81000,6,8,10,15,33
2021-03-06,200000,3,21,27,32,34
2021-03-07,345000,7,12,30,32,34
2021-03-08,68000,5,11,15,31,38
2021-03-09,174000,5,10,15,28,33
2021-03-10,339000,2,15,29,32,39
2021-03-11,69000,3,15,34,36,39
2021-03-12,78000,4,16,24,29,38
2021-03-13,75000,19,20,22,31,39
2021-03-14,63000,1,4,21,23,34
2021-03-15,70000,6,7,9,19,28
2021-03-16,172000,3,11,13,22,23
2021-03-17,77000,5,13,15,18,26
2021-03-18,188000,8,10,24,25,31
2021-03-19,81000,8,19,23,29,33
2021-03-20,198000,4,9,23,26,35
2021-03-21,342000,5,6,7,17,27
2021-03-22,78000,2,5,32,33,37
2021-03-23,73000,25,26,31,36,38
2021-03-24,72000,8,14,23,25,28
2021-03-25,68000,5,15,20,24,26
2021-03-26,77000,2,4,22,26,35
2021-03-27,76000,6,17,18,26,27
2021-03-28,63000,2,24,29,34,37
2021-03-29,69000,6,24,28,33,38
2021-03-30,71000,1,9,11,14,18
2021-03-31,74000,2,8,21,22,35
2021-04-01,179000,17,26,27,28,29
2021-04-02,82000,9,10,17,32,34
2021-04-03,77000,7,9,25,26,27
2021-04-04,61000,4,5,28,31,36
2021-04-05,164000,9,11,23,28,30
2021-04-06,71000,2,16,21,37,38
2021-04-07,180000,19,21,26,30,33
2021-04-08,343000,5,10,25,27,38
2021-04-09,79000,14,19,20,24,28
2021-04-10,75000,1,4,11,20,25
2021-04-11,181000,10,12,23,30,35
2021-04-12,335000,30,31,32,34,35
2021-04-13,73000,10,13,15,28,31
2021-04-14,70000,6,27,28,32,36
2021-04-15,70000,2,8,24,31,33
2021-04-16,190000,8,19,20,22,36
2021-04-17,76000,3,6,19,22,24
2021-04-18,61000,11,14,19,38,39
2021-04-19,163000,10,12,16,21,25
2021-04-20,73000,7,20,25,26,32
2021-04-21,72000,5,23,24,27,33
2021-04-22,179000,5,10,33,35,37
2021-04-23,341000,3,11,22,30,34
2021-04-24,78000,7,12,26,33,39
2021-04-25,180000,6,22,24,34,39
2021-04-26,70000,5,11,12,14,39
2021-04-27,70000,2,13,20,23,35
2021-04-28,179000,2,11,19,27,37
2021-04-29,73000,6,19,24,28,29
2021-04-30,79000,1,3,4,5,16
2021-05-01,195000,24,31,33,34,39
2021-05-02,333000,3,4,30,33,39
2021-05-03,69000,3,17,18,30,31
2021-05-04,73000,8,13,19,23,39
2021-05-05,184000,7,15,21,28,31
2021-05-06,348000,9,15,17,34,39
2021-05-07,85000,7,9,15,21,27
2021-05-08,80000,21,26,31,32,36
2021-05-09,62000,2,12,22,24,36
2021-05-10,164000,2,4,7,8,18
2021-05-11,70000,7,13,19,30,39
2021-05-12,179000,4,5,6,21,33
2021-05-13,339000,13,19,21,28,29
2021-05-14,81000,6,10,20,36,39
2021-05-15,76000,1,16,23,29,33
2021-05-16,62000,15,20,22,29,36
2021-05-17,163000,8,18,22,23,31
2021-05-18,320000,4,9,14,25,39
2021-05-19,74000,7,17,25,29,38
2021-05-20,67000,1,2,9,17,35
2021-05-21,184000,7,15,17,29,39
2021-05-22,81000,4,11,22,26,32
2021-05-23,63000,9,13,17,18,33
2021-05-24,163000,10,13,15,23,38
2021-05-25,319000,10,11,14,20,39
2021-05-26,79000,8,10,16,20,35
2021-05-27,185000,5,9,12,14,34
2021-05-28,77000,3,8,11,28,34
2021-05-29,79000,1,7,29,33,39
2021-05-30,61000,1,4,9,27,33
2021-05-31,161000,10,14,16,27,38
2021-06-01,71000,5,11,15,27,33
2021-06-02,72000,5,10,29,33,36
2021-06-03,67000,6,11,26,33,36
2021-06-04,79000,2,5,29,31,35
2021-06-05,78000,4,7,18,22,32
2021-06-06,62000,1,16,23,33,35
2021-06-07,68000,1,4,7,11,13
2021-06-08,74000,3,4,8,21,26
2021-06-09,70000,10,16,26,28,29
2021-06-10,177000,2,22,23,29,37
2021-06-11,79000,6,7,23,28,39
2021-06-12,189000,4,8,15,26,27
2021-06-13,65000,1,12,29,33,38
2021-06-14,165000,7,11,18,22,28
2021-06-15,72000,1,2,4,13,29
2021-06-16,177000,19,26,27,35,37
2021-06-17,68000,5,7,29,34,38
2021-06-18,78000,1,7,26,37,38
2021-06-19,76000,14,17,25,29,33
2021-06-20,174000,2,7,22,27,31
2021-06-21,68000,5,11,19,27,39
2021-06-22,73000,7,12,13,27,38
2021-06-23,73000,4,12,26,29,33
2021-06-24,67000,16,18,27,28,33
2021-06-25,178000,25,31,32,34,39
2021-06-26,326000,18,19,29,35,39
2021-06-27,61000,2,4,26,28,32
2021-06-28,68000,10,22,33,37,39
2021-06-29,72000,1,3,31,32,37
2021-06-30,176000,21,28,34,36,38
2021-07-01,72000,3,11,13,33,39
2021-07-02,80000,3,6,33,36,38
2021-07-03,76000,6,12,13,27,31
2021-07-04,64000,11,19,24,29,38
2021-07-05,68000,9,21,23,33,34
2021-07-06,72000,1,16,28,36,38
2021-07-07,175000,4,9,15,31,39
2021-07-08,331000,7,13,25,36,39
2021-07-09,77000,17,24,30,37,39
2021-07-10,77000,10,13,19,32,36
2021-07-11,173000,7,23,25,32,39
2021-07-12,315000,1,3,7,14,26
2021-07-13,80000,6,8,14,23,34
2021-07-14,184000,6,15,18,19,29
2021-07-15,72000,3,5,8,12,22
2021-07-16,79000,8,22,26,27,39
2021-07-17,190000,13,14,22,23,30
2021-07-18,65000,17,18,22,29,39
2021-07-19,68000,1,14,21,29,37
2021-07-20,165000,2,14,29,32,33
2021-07-21,73000,7,14,18,31,38
2021-07-22,68000,19,26,27,36,38
2021-07-23,178000,3,14,16,25,28
2021-07-24,78000,5,13,21,25,29
2021-07-25,174000,15,17,21,29,39
2021-07-26,67000,6,18,19,26,29
2021-07-27,73000,3,22,25,31,37
2021-07-28,175000,13,16,17,24,34
2021-07-29,327000,13,17,22,35,38
2021-07-30,570000,8,21,24,35,36
2021-07-31,87000,5,6,15,25,32
2021-08-01,190000,1,20,21,31,39
2021-08-02,341000,1,3,10,22,30
2021-08-03,589000,13,19,21,30,34
2021-08-04,73000,6,15,26,28,38
2021-08-05,68000,1,6,24,28,30
2021-08-06,78000,14,17,29,31,36
2021-08-07,187000,7,11,13,20,32
2021-08-08,316000,3,7,20,23,39
2021-08-09,75000,2,6,9,12,15
2021-08-10,75000,25,33,36,37,38
2021-08-11,180000,10,11,18,22,34
2021-08-12,71000,3,16,20,31,35
2021-08-13,184000,7,16,18,28,37
2021-08-14,77000,8,12,19,27,30
2021-08-15,62000,6,12,17,18,20
2021-08-16,159000,4,17,28,29,38
2021-08-17,315000,3,15,18,28,33
2021-08-18,78000,1,9,12,14,21
2021-08-19,71000,4,11,21,27,37
2021-08-20,78000,3,5,26,29,32
2021-08-21,75000,6,16,24,28,30
2021-08-22,61000,6,7,12,17,34
2021-08-23,159000,6,19,23,30,35
2021-08-24,70000,2,18,21,22,24
2021-08-25,171000,10,19,23,25,30
2021-08-26,71000,10,13,21,28,34
2021-08-27,182000,2,6,14,36,39
2021-08-28,75000,15,16,17,26,31
2021-08-29,64000,1,5,10,28,31
2021-08-30,160000,8,9,20,28,30
2021-08-31,70000,9,18,19,26,27
2021-09-01,71000,1,7,16,23,29
2021-09-02,67000,5,6,9,18,24
2021-09-03,80000,6,25,32,33,35
2021-09-04,194000,11,16,34,38,39
2021-09-05,327000,7,8,16,28,34
2021-09-06,73000,3,16,24,33,35
2021-09-07,71000,8,12,17,26,34
2021-09-08,71000,11,13,15,19,24
2021-09-09,68000,11,13,29,36,39
2021-09-10,79000,5,23,29,36,39
2021-09-11,186000,7,13,19,32,33
2021-09-12,310000,1,5,6,13,31
2021-09-13,75000,2,8,16,25,32
2021-09-14,70000,6,8,24,36,38
2021-09-15,171000,9,14,26,28,30
2021-09-16,325000,2,17,23,30,32
2021-09-17,85000,5,6,7,26,30
2021-09-18,76000,10,16,18,19,34
2021-09-19,175000,10,11,31,34,37
2021-09-20,318000,2,15,27,37,38
2021-09-21,71000,11,18,23,29,31
2021-09-22,175000,2,15,22,25,36
2021-09-23,329000,5,9,22,32,37
2021-09-24,83000,2,3,15,16,31
2021-09-25,194000,3,19,24,28,32
2021-09-26,330000,14,17,28,32,33
2021-09-27,68000,2,4,5,19,31
2021-09-28,171000,6,9,22,31,33
2021-09-29,70000,4,14,23,28,38
2021-09-30,174000,7,14,15,25,33
2021-10-01,330000,17,24,26,38,39
2021-10-02,81000,1,32,36,37,39
2021-10-03,64000,3,13,17,18,26
2021-10-04,163000,6,20,28,29,35
2021-10-05,74000,3,8,16,19,21
2021-10-06,72000,2,7,14,21,22
2021-10-07,69000,3,9,10,38,39
2021-10-08,182000,4,15,20,28,30
2021-10-09,78000,6,8,11,29,39
2021-10-10,175000,2,15,20,24,34
2021-10-11,314000,5,12,15,32,39
2021-10-12,76000,5,7,8,19,30
2021-10-13,74000,17,22,30,35,36
2021-10-14,70000,2,8,11,31,38
2021-10-15,77000,8,13,16,21,24
2021-10-16,185000,4,25,29,33,35
2021-10-17,64000,7,17,18,21,24
2021-10-18,162000,13,17,34,37,38
2021-10-19,70000,2,3,4,28,39
2021-10-20,173000,3,7,21,34,35
2021-10-21,69000,2,5,12,18,24
2021-10-22,79000,9,12,14,21,34
2021-10-23,75000,4,14,17,18,30
2021-10-24,170000,4,11,30,32,39
2021-10-25,68000,1,12,27,31,36
2021-10-26,160000,1,3,8,31,39
2021-10-27,73000,11,14,20,33,37
2021-10-28,172000,2,7,12,13,29
2021-10-29,78000,1,5,17,37,39
2021-10-30,183000,5,12,21,27,31
2021-10-31,65000,12,18,23,27,33
2021-11-01,67000,7,8,15,19,22
2021-11-02,71000,6,11,12,14,18
2021-11-03,173000,6,28,31,32,33
2021-11-04,323000,6,11,15,29,31
2021-11-05,562000,4,6,13,30,34
2021-11-06,77000,10,14,29,30,39
2021-11-07,63000,6,11,17,30,33
2021-11-08,68000,11,13,14,32,38
2021-11-09,166000,1,11,21,23,27
2021-11-10,70000,2,6,11,20,38
2021-11-11,172000,13,14,21,35,37
2021-11-12,326000,18,20,27,32,35
2021-11-13,78000,3,11,12,15,32
2021-11-14,63000,6,9,18,27,38
2021-11-15,67000,8,12,18,27,34
2021-11-16,73000,14,15,20,22,35
2021-11-17,73000,4,7,14,19,31
2021-11-18,173000,4,6,12,25,33
2021-11-19,327000,3,13,14,29,33
2021-11-20,571000,19,22,26,33,36
2021-11-21,68000,3,14,29,36,38
2021-11-22,166000,6,16,23,34,37
2021-11-23,72000,3,5,15,18,36
2021-11-24,176000,1,4,8,12,33
2021-11-25,337000,5,9,27,33,37
2021-11-26,78000,9,20,27,30,37
2021-11-27,76000,4,16,25,30,39
2021-11-28,64000,4,10,31,33,38
2021-11-29,67000,13,17,20,29,31
2021-11-30,163000,1,2,12,13,14
2021-12-01,70000,9,28,30,34,35
2021-12-02,170000,8,15,20,22,32
2021-12-03,77000,2,9,10,26,38
2021-12-04,184000,1,3,4,29,31
2021-12-05,67000,7,9,10,33,37
2021-12-06,163000,12,15,28,33,36
2021-12-07,317000,1,21,23,33,37
2021-12-08,73000,2,8,14,31,39
2021-12-09,176000,4,7,12,13,14
2021-12-10,82000,9,12,17,29,31
2021-12-11,193000,13,21,26,30,38
2021-12-12,328000,1,2,18,20,30
2021-12-13,71000,19,21,29,34,36
2021-12-14,70000,2,8,21,29,32
2021-12-15,71000,1,2,8,11,38
2021-12-16,175000,5,10,14,18,29
2021-12-17,82000,6,9,12,25,36
2021-12-18,76000,11,12,18,21,23
2021-12-19,63000,7,13,25,28,34
2021-12-20,160000,1,9,11,17,31
2021-12-21,71000,2,5,13,17,25
2021-12-22,173000,4,11,30,31,38
2021-12-23,67000,9,15,22,33,35
2021-12-24,178000,8,9,23,27,38
2021-12-25,80000,3,8,24,38,39
2021-12-26,64000,7,11,24,30,39
2021-12-27,160000,7,11,16,19,39
2021-12-28,316000,2,9,22,24,27
2021-12-29,76000,9,12,18,34,39
2021-12-30,67000,6,13,16,17,18
2021-12-31,177000,8,30,31,35,36
2022-01-01,341000,2,5,25,26,38
2022-01-02,558000,6,11,24,31,33
2022-01-03,71000,10,12,15,27,35
2022-01-04,177000,16,17,30,31,39
2022-01-05,329000,1,6,8,18,38
2022-01-06,75000,5,12,18,22,33
2022-01-07,189000,5,11,27,28,35
2022-01-08,80000,3,8,10,17,21
2022-01-09,61000,9,18,27,29,37
2022-01-10,158000,5,11,15,31,38
2022-01-11,71000,8,13,15,22,33
2022-01-12,172000,13,19,28,35,38
2022-01-13,71000,13,24,30,33,38
2022-01-14,184000,7,16,17,22,26
2022-01-15,76000,3,9,12,16,39
2022-01-16,63000,8,15,26,28,29
2022-01-17,157000,5,20,26,27,37
2022-01-18,70000,24,33,35,37,38
2022-01-19,71000,3,12,15,32,36
2022-01-20,170000,1,8,14,31,36
2022-01-21,81000,10,22,24,29,32
2022-01-22,188000,6,21,27,36,38
2022-01-23,310000,6,7,19,24,27
2022-01-24,69000,2,3,4,6,15
2022-01-25,72000,6,14,23,28,38
2022-01-26,71000,5,8,17,35,37
2022-01-27,169000,13,31,32,38,39
2022-01-28,79000,6,9,21,33,37
2022-01-29,186000,1,3,4,9,26
2022-01-30,306000,9,14,15,36,38
2022-01-31,72000,2,6,21,25,31
2022-02-01,170000,7,10,26,33,39
2022-02-02,75000,6,19,21,27,34
2022-02-03,179000,14,17,18,37,39
2022-02-04,77000,4,5,6,24,36
2022-02-05,77000,13,20,25,30,34
2022-02-06,176000,6,20,28,31,38
2022-02-07,71000,13,14,20,35,38
2022-02-08,173000,6,18,25,38,39
2022-02-09,73000,4,6,17,23,25
2022-02-10,70000,4,11,27,30,32
2022-02-11,185000,9,11,17,29,32
2022-02-12,339000,3,4,21,24,27
2022-02-13,61000,14,24,29,33,36
2022-02-14,67000,14,17,21,25,27
2022-02-15,166000,7,21,26,27,30
2022-02-16,75000,13,23,32,36,38
2022-02-17,178000,3,7,19,22,36
2022-02-18,78000,4,13,27,34,39
2022-02-19,77000,4,7,19,22,33
2022-02-20,65000,9,19,30,31,36
2022-02-21,163000,4,9,19,20,22
2022-02-22,70000,1,2,7,12,30
2022-02-23,179000,2,8,19,27,32
2022-02-24,332000,8,9,19,37,38
2022-02-25,77000,2,11,23,35,37
2022-02-26,186000,3,13,19,26,27
2022-02-27,316000,5,16,27,33,35
2022-02-28,570000,14,17,20,23,38
2022-03-01,82000,1,3,9,21,29
2022-03-02,71000,1,2,4,11,19
2022-03-03,67000,4,16,21,28,33
2022-03-04,180000,9,18,24,30,32
2022-03-05,332000,22,28,33,35,36
2022-03-06,65000,4,8,11,19,39
2022-03-07,168000,3,13,24,34,36
2022-03-08,74000,2,10,11,12,25
2022-03-09,71000,14,18,19,20,29
2022-03-10,176000,9,11,14,18,37
2022-03-11,77000,3,4,20,21,23
2022-03-12,79000,7,15,22,25,37
2022-03-13,63000,4,7,14,16,34
2022-03-14,159000,6,13,27,30,38
2022-03-15,73000,6,12,15,23,32
2022-03-16,174000,5,17,18,21,38
2022-03-17,72000,7,15,19,29,36
2022-03-18,184000,6,16,19,29,35
2022-03-19,75000,5,15,17,19,23
2022-03-20,173000,13,18,19,25,26
2022-03-21,69000,6,16,20,30,33
2022-03-22,73000,16,18,30,33,36
2022-03-23,172000,7,13,14,21,26
2022-03-24,323000,9,30,31,32,39
2022-03-25,83000,7,9,23,28,30
2022-03-26,189000,7,13,21,33,36
2022-03-27,63000,2,9,12,20,37
2022-03-28,67000,12,17,21,22,28
2022-03-29,71000,3,14,22,25,28
2022-03-30,72000,7,22,23,28,31
2022-03-31,69000,12,17,18,23,35
2022-04-01,178000,22,24,26,27,39
2022-04-02,326000,7,15,16,18,31
2022-04-03,553000,10,15,22,35,39
2022-04-04,67000,6,10,11,28,38
2022-04-05,168000,13,15,17,30,36
2022-04-06,315000,5,21,26,31,33
2022-04-07,74000,3,9,14,37,39
2022-04-08,80000,16,17,22,26,28
2022-04-09,76000,6,10,12,14,34
2022-04-10,172000,8,10,16,30,33
2022-04-11,314000,10,22,25,28,30
2022-04-12,77000,3,13,20,27,35
2022-04-13,180000,4,12,17,18,22
2022-04-14,335000,18,24,28,31,39
2022-04-15,84000,2,8,12,19,39
2022-04-16,192000,15,17,25,32,39
